04 00 00 00 00 00 00 00 00 00 00 00 00 00 00 00 00 00 00 00 00 00 00 00 00 00 00 00 00 00 00 00 00 00 00 00 00 00 00 04
00 00 00 00 00 25 26 26 26 26 26 26 26 26 26 26 26 26 26 26 26 26 26 26 26 26 26 26 26 26 26 26 26 26 05 00 00 00 00 00
00 00 00 00 00 66 00 00 00 00 00 00 00 00 00 00 00 00 00 00 00 00 00 00 00 00 00 00 00 00 00 00 00 00 06 00 00 00 00 00
00 00 02 00 00 66 00 00 00 00 00 00 00 00 00 00 00 00 00 00 00 00 00 02 00 00 00 00 00 00 00 00 00 00 06 00 02 00 00 00
00 00 00 00 00 66 00 00 00 00 00 00 00 00 00 00 00 02 00 00 00 00 00 00 00 00 00 03 00 00 00 00 02 00 06 00 00 00 00 00
00 00 00 00 00 66 00 00 00 00 00 06 26 46 66 86 A6 C6 E6 00 00 00 00 00 02 00 00 00 00 00 00 00 00 00 06 00 02 00 00 00
00 00 00 00 00 66 00 00 00 02 00 00 00 00 00 00 02 00 00 00 00 02 00 00 00 00 00 00 00 00 00 00 00 00 06 00 00 00 00 00
00 02 00 00 00 66 00 00 00 00 00 00 00 00 00 00 00 00 02 00 00 00 00 00 00 00 00 00 00 00 02 00 00 00 06 00 00 00 00 00
00 00 00 00 00 66 00 00 00 02 00 00 00 02 00 00 00 00 00 00 00 00 00 00 00 00 00 00 00 00 00 00 00 00 06 00 00 00 02 00
00 05 00 00 00 66 00 00 00 00 00 00 00 00 00 00 00 00 00 00 00 00 00 00 00 00 00 02 00 00 00 00 00 00 06 00 00 02 00 00
00 00 00 00 00 66 00 00 00 00 07 02 00 00 00 00 00 02 00 03 00 00 00 00 02 00 00 00 00 00 00 00 00 00 06 00 00 00 00 00
00 00 02 00 00 66 00 00 03 00 00 00 02 00 00 00 00 00 00 00 00 00 00 00 00 00 00 00 00 00 00 00 00 00 06 00 00 00 02 00
00 00 00 00 00 66 00 00 00 00 00 00 00 00 00 02 03 00 00 00 00 00 00 00 00 00 00 00 00 00 00 00 00 00 06 00 00 00 00 00
00 02 00 00 00 66 00 00 00 00 00 00 00 00 00 02 04 02 00 00 00 00 00 00 00 00 02 00 00 00 00 03 00 00 06 00 00 00 00 00
00 00 00 02 00 66 00 00 02 00 00 00 00 00 00 03 03 02 00 00 02 00 00 00 00 00 00 00 00 00 00 00 00 00 06 00 00 00 00 00
00 00 00 00 00 66 00 00 00 00 02 00 00 00 00 00 02 00 00 00 00 00 02 00 00 00 00 00 00 00 00 00 00 00 06 00 03 00 00 00
00 00 02 00 00 66 00 00 00 00 00 00 00 00 00 00 00 00 02 00 00 00 00 00 00 00 00 00 00 02 00 00 02 00 06 00 00 00 00 00
03 00 00 00 00 66 03 00 00 00 00 03 00 00 00 00 00 00 00 00 02 00 00 00 00 00 02 00 00 00 00 00 00 00 06 00 00 00 00 00
00 00 00 00 00 66 00 00 02 00 00 00 00 00 00 00 00 00 00 00 00 00 03 00 00 02 00 00 00 03 00 00 00 00 06 00 00 02 00 00
00 00 00 00 00 66 00 00 00 00 00 00 00 00 00 00 04 00 00 00 00 00 00 00 00 00 00 00 00 00 00 00 00 00 06 00 00 00 00 00
00 0e 0d 0f 00 66 00 00 00 00 00 00 00 00 00 0e 0d 0f 00 00 00 00 00 00 00 0e 0d 0f 00 00 00 00 00 00 06 00 0d 0f 00 00
00 0b 01 0c 00 66 00 0e 0f 0e 0d 0f 0e 0d 0f 0b 01 0c 0e 0d 0f 00 00 00 00 0b 01 0c 00 0e 0d 0f 00 00 06 00 01 0c 0e 0f
00 0b 01 0c 00 66 00 0b 0c 0b 01 0c 0b 01 0c 0b 01 0c 0b 01 0c 0e 0d 0f 00 0b 01 0c 00 0b 01 0c 0e 00 06 00 01 0c 0b 0c 
00 09 01 0a 00 66 00 09 0a 09 01 0a 09 01 0a 09 01 0a 09 01 0a 0b 01 0c 00 09 01 0a 00 09 01 0a 0b 00 06 00 01 0a 09 0a
07 07 08 07 00 66 00 07 07 07 08 07 07 08 07 07 08 07 07 08 07 07 08 07 07 07 08 07 07 07 08 07 07 00 06 00 08 07 07 07
00 00 00 00 00 66 00 00 00 00 00 00 00 00 00 00 00 00 00 00 00 00 00 00 00 00 00 00 03 00 00 00 00 00 06 00 00 00 00 00
00 00 00 00 00 66 00 00 00 00 00 00 00 00 00 00 00 00 00 00 00 00 00 00 00 00 00 00 03 00 00 00 00 00 06 00 00 00 00 00
00 00 00 00 00 66 00 00 00 00 00 00 00 00 00 00 00 00 00 00 00 00 00 00 00 00 00 00 03 00 00 00 00 00 06 00 00 00 00 00
00 00 00 00 00 45 46 46 46 46 46 46 46 46 46 46 46 46 46 46 46 46 46 46 46 46 46 46 46 46 46 46 46 46 C5 00 00 00 00 00
04 00 00 00 00 00 00 00 00 00 00 00 00 00 00 00 00 00 00 00 00 00 00 00 00 00 00 00 00 00 00 00 00 00 00 00 00 00 00 04
 
