// sprite 0 - Fondo
0 0 0 0 0 0 0 0 0 0 0 0 0 0 0 0 
0 0 0 0 0 0 0 0 0 0 0 0 0 0 0 0 
0 0 0 0 0 0 0 0 0 0 0 0 0 0 0 0 
0 0 0 0 0 0 0 0 0 0 0 0 0 0 0 0 
0 0 0 0 0 0 0 0 0 0 0 0 0 0 0 0 
0 0 0 0 0 0 0 0 0 0 0 0 0 0 0 0 
0 0 0 0 0 0 0 0 0 0 0 0 0 0 0 0 
0 0 0 0 0 0 0 0 0 0 0 0 0 0 0 0 
0 0 0 0 0 0 0 0 0 0 0 0 0 0 0 0 
0 0 0 0 0 0 0 0 0 0 0 0 0 0 0 0 
0 0 0 0 0 0 0 0 0 0 0 0 0 0 0 0 
0 0 0 0 0 0 0 0 0 0 0 0 0 0 0 0 
0 0 0 0 0 0 0 0 0 0 0 0 0 0 0 0 
0 0 0 0 0 0 0 0 0 0 0 0 0 0 0 0 
0 0 0 0 0 0 0 0 0 0 0 0 0 0 0 0 
0 0 0 0 0 0 0 0 0 0 0 0 0 0 0 0 

// sprite 1 - Fantasma morado
0 0 0 0 0 0 0 0 0 0 0 0 0 0 0 0 
0 0 0 0 0 0 4 4 4 4 0 0 0 0 0 0 
0 0 0 0 4 4 4 4 4 4 4 4 0 0 0 0 
0 0 0 4 4 4 4 4 4 4 4 4 4 0 0 0 
0 0 4 1 1 4 4 4 4 1 1 4 4 4 0 0 
0 0 1 1 1 1 4 4 1 1 1 1 4 4 0 0 
0 0 F F 1 1 4 4 F F 1 1 4 4 0 0 
0 4 F F 1 1 4 4 F F 1 1 4 4 4 0 
0 4 4 1 1 4 4 4 4 1 1 4 4 4 4 0  
0 4 4 4 4 4 4 4 4 4 4 4 4 4 4 0 
0 4 4 4 4 4 4 4 4 4 4 4 4 4 4 0 
0 4 4 4 4 4 4 4 4 4 4 4 4 4 4 0 
0 4 4 4 4 4 4 4 4 4 4 4 4 4 4 0 
0 4 4 0 4 4 4 0 0 4 4 4 0 4 4 0 
0 4 0 0 0 4 4 0 0 4 4 0 0 0 4 0 
0 0 0 0 0 0 0 0 0 0 0 0 0 0 0 0 

// sprite 2 - Pacman abierto
0 0 0 0 0 0 0 0 0 0 0 0 0 0 0 0 
0 0 0 0 6 6 6 6 6 6 6 0 0 0 0 0 
0 0 6 6 6 6 6 6 6 6 6 6 0 0 0 0 
0 6 6 6 6 6 6 6 6 6 6 6 6 0 0 0 
0 6 6 6 6 6 6 6 6 6 6 6 6 0 0 0 
0 6 6 6 6 6 6 6 6 6 6 6 6 6 0 0 
0 0 0 0 0 6 6 6 6 6 6 6 6 6 0 0 
0 0 0 0 0 0 0 6 6 6 6 6 6 6 0 0  
0 0 0 0 0 0 0 0 0 6 6 6 6 6 0 0 
0 0 0 0 0 0 0 6 6 6 6 6 6 6 0 0 
0 0 0 0 0 6 6 6 6 6 6 6 6 6 0 0 
0 6 6 6 6 6 6 6 6 6 6 6 6 0 0 0 
0 6 6 6 6 6 6 6 6 6 6 6 0 0 0 0 
0 0 6 6 6 6 6 6 6 6 6 0 0 0 0 0 
0 0 0 0 6 6 6 6 6 0 0 0 0 0 0 0 
0 0 0 0 0 0 0 0 0 0 0 0 0 0 0 0 

// sprite 3 - Pacman cerrado
0 0 0 0 0 0 0 0 0 0 0 0 0 0 0 0 
0 0 0 0 0 6 6 6 6 6 6 0 0 0 0 0 
0 0 0 6 6 6 6 6 6 6 6 6 6 0 0 0 
0 0 6 6 6 6 6 6 6 6 6 6 6 6 0 0 
0 0 6 6 6 6 6 6 6 6 6 6 6 6 0 0 
0 6 6 6 6 6 6 6 6 6 6 6 6 6 6 0 
0 6 6 6 6 6 6 6 6 6 6 6 6 6 6 0 
0 6 6 6 6 6 6 6 6 6 6 6 6 6 6 0 
0 6 6 6 6 6 6 6 6 6 6 6 6 6 6 0  
0 6 6 6 6 6 6 6 6 6 6 6 6 6 6 0 
0 6 6 6 6 6 6 6 6 6 6 6 6 6 6 0 
0 0 6 6 6 6 6 6 6 6 6 6 6 6 0 0 
0 0 6 6 6 6 6 6 6 6 6 6 6 6 0 0 
0 0 0 6 6 6 6 6 6 6 6 6 6 0 0 0 
0 0 0 0 0 6 6 6 6 6 6 0 0 0 0 0 
0 0 0 0 0 0 0 0 0 0 0 0 0 0 0 0 

//sprite 4 - Punto
0 0 0 0 0 0 0 0 0 0 0 0 0 0 0 0 
0 0 0 0 0 0 0 0 0 0 0 0 0 0 0 0 
0 0 0 0 0 0 0 0 0 0 0 0 0 0 0 0 
0 0 0 0 0 0 0 0 0 0 0 0 0 0 0 0 
0 0 0 0 0 0 0 0 0 0 0 0 0 0 0 0 
0 0 0 0 0 0 0 0 0 0 0 0 0 0 0 0 
0 0 0 0 0 0 0 F F 0 0 0 0 0 0 0 
0 0 0 0 0 0 F F F F 0 0 0 0 0 0 
0 0 0 0 0 0 0 F F 0 0 0 0 0 0 0 
0 0 0 0 0 0 0 0 0 0 0 0 0 0 0 0 
0 0 0 0 0 0 0 0 0 0 0 0 0 0 0 0 
0 0 0 0 0 0 0 0 0 0 0 0 0 0 0 0 
0 0 0 0 0 0 0 0 0 0 0 0 0 0 0 0 
0 0 0 0 0 0 0 0 0 0 0 0 0 0 0 0 
0 0 0 0 0 0 0 0 0 0 0 0 0 0 0 0 
0 0 0 0 0 0 0 0 0 0 0 0 0 0 0 0 

// sprite 5 - Esquina doble
0 0 0 0 0 0 0 0 0 0 0 0 0 0 0 0 
0 0 0 3 3 3 3 3 3 3 3 3 3 3 3 3
0 0 3 3 3 3 3 3 3 3 3 3 3 3 3 3
0 3 3 3 0 0 0 0 0 0 0 0 0 0 0 0 
0 3 3 0 0 0 0 0 0 0 0 0 0 0 0 0 
0 3 3 0 0 0 0 0 0 0 0 0 0 0 0 0 
0 3 3 0 0 0 0 0 0 0 0 0 0 0 0 0 
0 3 3 0 0 0 0 0 0 3 3 3 3 3 3 3
0 3 3 0 0 0 0 0 3 3 3 3 3 3 3 3
0 3 3 0 0 0 0 3 3 3 0 0 0 0 0 0 
0 3 3 0 0 0 0 3 3 0 0 0 0 0 0 0 
0 3 3 0 0 0 0 3 3 0 0 0 0 0 0 0 
0 3 3 0 0 0 0 3 3 0 0 0 0 0 0 0 
0 3 3 0 0 0 0 3 3 0 0 0 0 0 0 0 
0 3 3 0 0 0 0 3 3 0 0 0 0 0 0 0 
0 3 3 0 0 0 0 3 3 0 0 0 0 0 0 0 

// sprite 6 - Pared doble
0 3 3 0 0 0 0 3 3 0 0 0 0 0 0 0 
0 3 3 0 0 0 0 3 3 0 0 0 0 0 0 0 
0 3 3 0 0 0 0 3 3 0 0 0 0 0 0 0 
0 3 3 0 0 0 0 3 3 0 0 0 0 0 0 0 
0 3 3 0 0 0 0 3 3 0 0 0 0 0 0 0 
0 3 3 0 0 0 0 3 3 0 0 0 0 0 0 0 
0 3 3 0 0 0 0 3 3 0 0 0 0 0 0 0 
0 3 3 0 0 0 0 3 3 0 0 0 0 0 0 0 
0 3 3 0 0 0 0 3 3 0 0 0 0 0 0 0 
0 3 3 0 0 0 0 3 3 0 0 0 0 0 0 0 
0 3 3 0 0 0 0 3 3 0 0 0 0 0 0 0 
0 3 3 0 0 0 0 3 3 0 0 0 0 0 0 0 
0 3 3 0 0 0 0 3 3 0 0 0 0 0 0 0 
0 3 3 0 0 0 0 3 3 0 0 0 0 0 0 0 
0 3 3 0 0 0 0 3 3 0 0 0 0 0 0 0 
0 3 3 0 0 0 0 3 3 0 0 0 0 0 0 0 

//sprite 7 - Flecha
0 0 0 0 0 0 0 0 0 0 0 0 0 0 0 0 
0 0 0 0 0 0 0 0 0 0 0 0 0 0 0 0 
0 0 0 0 0 0 0 0 0 0 0 4 0 0 0 0 
0 0 0 0 0 0 0 0 0 0 4 4 4 0 0 0 
0 0 0 0 0 0 0 0 0 4 4 4 4 4 0 0 
0 0 0 0 0 0 0 0 4 4 4 4 4 4 4 0 
0 0 0 0 0 0 0 0 0 0 4 4 4 0 0 0 
0 0 0 0 0 0 0 0 0 0 4 4 4 0 0 0 
0 0 0 0 0 F 0 0 0 0 4 4 4 0 0 0 
0 0 0 0 F F 0 0 0 0 4 4 4 0 0 0 
0 0 0 F F F F F F F F F F 0 0 0 
0 0 F F F F F F F F F F F 0 0 0 
0 0 0 F F F F F F F F F F 0 0 0 
0 0 0 0 F F 0 0 0 0 0 0 0 0 0 0 
0 0 0 0 0 F 0 0 0 0 0 0 0 0 0 0 
0 0 0 0 0 0 0 0 0 0 0 0 0 0 0 0 
